20250903	132500036843162	10748448831
20250903	TPES25080465	10748405512
20250903	TPES25080444	10748424224
20250903	ETAE25080453	10749164135
20250904	CMSHPH250820063	10749325905
20250904	132500036980632	10749440801
20250906	HHSH00365551	10749378921
20250906	CMSHPH250820135	10749393260
20250906	CMSHPH250820179	10749605371
20250906	CMSHPH250820148	10749608635
20250906	CMSHPH250820160	10749842892
20250906	NNR51552600	10749850791
20250906	CMS250820280	10749876993
20250906	132500037074691	10750268982
20250903	ZB17993	10749077873
20250905	132500037055238	10750108811
20250909	UKBHPH25083770	10749363974
20250906	1Z9190W70492106175	10749943180
20250910	CMSHPH250820238	10750696903
20250910	CMSHPH250820236	10750705502
20250910	21705589312	10751130214
20250910	132500037224478	10751360116
20250910	ONEYTYOFD6695700	10751158026
20250910	47935864146	10751128114
20250911	KR17498946	10751457534
20250910	HHSE5084783	10751023630
20250911	TPES25080496	10750726410
20250912	CMSHPH250820217	10750692692
20250913	TPES25090187	10752473245
20250913	TPES25090181	10752482905
20250913	CMSHPH250920300	10752491375
20250915	132500037390927	10752571783
20250801	1048252025CA	10740002174
20250729	132500035587621	10739436574
20250802	HHSH00348331	10740356993
20250802	CMSHPH250719697	10740349385
20250804	TPES25070392	10740368646
20250805	CMSHPH250719773	10740363525
20250805	AOF162770	10740880582
20250805	AOF162770	10740884642
20250805	AIF10346159	10741024244
20250805	OFS017112	10740890614
20250805	132500035866146	10741448956
20250807	132500035894302	10741668174
20250808	JSGD2507380	10741298386
20250808	WWP253255	10741307556
20250808	NNR51551083	10742049210
20250807	DKS2507174B	10741512693
20250808	132500035820201	10741086496
20250807	132500035822049	10741096775
20250809	ONEYTYOFB3055600	10741851036
20250809	UFLS2507111	10741692044
20250806	132500035919546	10741862715
20250812	OFS017269	10743004651
20250812	CMSHPH250719882	10742391322
20250812	NNR51551746	10742950213
20250812	TRE8975936	10742958241
20250812	132500036064650	10742941566
20250812	132500036063740	10742935270
20250813	CMSHPH250719864	10742393713
20250814	28373530061	10743344652
20250814	78468288113	10743499982
20250814	TPES25080103	10743712830
20250814	132500036190547	10743901955
20250812	1Z22342A0492289778	10743018640
20250814	59044757096	10743907625
20250812	132500036135475	10743494824
20250812	132500036187027	10743880104
20250808	132500036189175	10743893883
20250816	HHSH00358223	10744114545
20250816	UKBHPH25076996	10744227120
20250816	CMSHPH250719921	10744416875
20250816	CMSHPH250719936	10744421705
20250816	132500036192217	10743915642
20250816	132500036252535	10744362824
20250816	132500035870431	10741482265
20250816	132500035871100	10741487703
20250818	132500036294832	10744650336
20250816	132500036293362	10744636756
20250819	TPES25080227	10744945784
20250819	TPES25080228	10744959644
20250820	CMSHPH250820031	10744971824
20250820	TPEA006145	10745119616
20250818	132500035363904	10737922754
20250821	ONEYTYOFD6684500	10745855821
20250811		10745855821
20250822	IMEX012836	10746066926
20250822	7376 1187 4791	10746399312
20250823	21705589216	10745497410
20250823	JGL54599	10746394412
20250823	TRO250812	10746398660
20250823	STB-A25-039/ STB-A25-039D	10746434043
20250823	MUC35002166	10746445571
20250823	ASHVH665182558	10746203312
20250823	CMSHPH250820012	10746076520
20250825	132500036540388	10746414793
20250825	HHSH00361351	10746623824
20250827	RTWN25080130	10744919943
20250827	28373530363	10747299840
20250827	CMSHPH250820055	10747596813
20250828	UKBHPH25082219	10748128393
20250829	TSHPH250813	10748429430
20250830	NNR51552210	10748126083
20250823	132500036683429	10747387970
20250826	132500036707798	10747575953
20250826	132500036707798	10747577246
20250830	CMSHPH250820104	10748394426
20250701	CMSHPH250519304	10730328174
20250701	NNR51549336	10730160115
20250630	ELCKSEL25060252	10730993454
20250630	132500034489091	10731377802
20250702	HHSH00333012	10731515116
20250703	JGL54443	10731565236
20250708	CMSHPH250619523	10732081792
20250708	OMK1DS25060820	10732184644
20250709	CMSHPH250619528	10733191421
20250709	NNR51549648	10733112660
20250709	NNR51549629	10733116694
20250709	28373110743	10732928545
20250709	TPES25060380	10733380616
20250709	TSHPH250624	10733501381
20250709	ADCHAN250627	10732715653
20250711	UKBHPH25063888	10733396591
20250711	UKBHPH25063886	10733490892
20250711	UKBHPH25063885	10733494160
20250711	TSOE25070013	10734010222
20250712	NNR51549736	10734023371
20250712	BUD25070040	10734370722
20250712	NNR51549874	10734362075
20250712	TSOE25070018	10734031071
20250712	UKBHPH25065667	10734367852
20250707	132500034599422	10732915772
20250707	132500034704715	10732922735
20250707	132500034755951	10733356234
20250715	CMSHPH250619575	10734364643
20250716	TSAE25070037	10735320165
20250716	TSHPH250701	10735526691
20250717	132500035058786	10735661006
20250716	1Z1W62910466486491	10735331940
20250718	23530450873	10735638492
20250718	NNR51550117	10735823395
20250719	HHSH00340200	10735517786
20250721	132500035035753	10735487852
20250724	JWLEM25070245	10736383712
20250724	TPES25070175	10737302311
20250724	TSOE25070123	10737435720
20250724	CMSHPH250719679	10737572150
20250726	NNR51550371	10738060470
20250726	ONEYTYOFB3051900	10738087910
20250728	132500035461682	10738588561
20250729	NNR51550489	10738860231
20250729	132500035455849	10738538076
20250730	CMSHPH250719682	10738284606
20250730	KELHPH25074038	10739063581
20250715	132500034981517	10735072833
20250729	132500035452242	10738515363
20250730	122500035588452	10739441511
20250730	1Z1W62910466328527	10739247084
20250731	AMIGL250302653A	10739318871
20250529	112500033233179	10722314530
20250602	1Z3Y97760401152135	10722812403
20250603	594040801883	10722202530
20250603	TPES25050432	10722529102
20250526	132500033086652	10721342930
20250527	132500033087660	10721351971
20250529	132500033095854	10721409684
20250529	132500033173805	10721969684
20250604	VTR25008348	10723565161
20250604	TRO250527	10723561554
20250605	02002798795	10723513501
20250606	CMSHPH250519246	10724114355
	285766568	10723799985
20250607	CMSHPH250519293	10724118404
20250607	ONEYTYOF66141900	10724488435
20250607	TRE8975662	10723999754
20250607	4812814993	10724112130
20250607	JGL53875	10724278881
20250610	TSOE25050228	10724645202
20250610	TSOE25050229	10724653300
20250610	NNR51548604	10724991901
20250610	TRE8975674	10725118052
20250611	TPES25060018	10725406216
20250611	TPES25060026	10725413430
20250611	HHSW00719552	10725005934
20250611	HHSH00321565	10725425816
20250613	CMSHPH250519305	10725937553
20250613	TRO250605	10725783892
20250613	28373110084	10726141415
20250613	28373110100	10726151145
20250613	H250500008	10726336741
20250613	TPES25060028	10726345141
20250613	132500033777121	10726359233
20250613	132500033778084	10726367331
20250614	132500033093564	10726458003
20250614	ONEYTYOF66483400	10726640924
20250612	132500033459449	10723942914
20250604	112500033463020	10723977273
20250617	TPES25060115	10727173123
20250618	NNR51548851	10727155273
20250618	PAE1278786	10727549911
20250619	14115478591	10727776114
20250620	28373110261	10728031220
20250620	132500034023564	10728045323
20250621	CMSHPH250619384	10727858386
20250621	HHSH00321576	10727868234
20250624	HHSC01157413	10728942701
20250624	NNR51549100	10728901353
20250625	KSA504006393	10728895694
20250625	SHAHPH25606003	10728922040
20250625	14115815136	10729361253
20250625	ONEYTYOF66159400	10729483506
20250620	132500034021324	10728035140
20250610	132500033715337	10726103361
20250624	112500034213533	10729445080
20250626	132500034248563	10729688960
20250626	132500034187792	10729886345
20250623	132500034249839	10729703122
20250627	KELHPH2506D00001	10730175110
20250627	JGL54435	10730033183
20250627	KNP25066257	10730166544
20250625	132500034245955	10729676673
20250627	HHSH00328392	10729852734
20250627	CMSHPH250619445	10729866115
20250630	ONEYTYOFA7380300	10730975210
20250502	FRAA25041153	10713926614
20250429	132500032168400	10714549566
20250505	SF1551692384558	#REF!
20250506	NNR51546389	10714301420
20250506	NNR51546506	10714931991
20250506	NNR51546557	10714947413
20250506	NNR51546503	10715065643
20250506	KSA504004704	10715127221
20250506	KSA504004677	10715136225
20250506	NNR80374975	10715160261
20250506	78468030690	10714584474
20250506	AOF162410	10715175392
20250507	TPES25040365	10714678576
20250507	TPES25040364	10715400556
20250508	132500032323673	10715812403
20250508	132500032341832	10715964211
20250508	CMSHPH250418880	10714619776
20250509	BKELHAI2504001	10714614246
20250509	HHSH00298303	10714204385
20250510	UKBHPH25045008	10716201183
20250510	CMSHPH250418984	10716212582
20250510	TSOE25040285	10716478626
20250509	SZADF25044329	10714790871
20250512	HHSH00301324	10716371832
20250512	TPES25050114	10716380114
20250512	285698400	10714794942
20250513	ONEYTYOF52377800	10717350546
20250513	DONA25040644	10716393591
20250513	78468033943	10717288132
20250513	DAETP2513929	10717082973
20250513	MLGEA0005135	10717115206
20250514	NNR51546636	10717483690
20250514	PAE1277025	10717485366
20250514	OFSK003476	10717488590
20250514	VTR25007024	10716560202
20250514	TRO250509	10717662713
20250514	122500032548948	10717512666
20250512	132500032573309	10717669293
20250510	132500032344027	10715982400
20250516	KSA504005022	10718177471
20250517	NNR51546765	10718179582
20250517	MUC35993469	10718693791
20250517	JWLEM25041355	10718526012
20250519	132500032646538	10718209741
20250519	132500032644303	10718195505
20250520	NNR51546908	10719032381
20250520	98800890282	10719231461
20250520	TRE8975614	10719235495
20250520	47935826803	10719242123
20250520	132500032642030	;1071818389
20250520	HHSH00301770	10719030266
20250521	KFLAOE-25032	10718380095
20250521	132500032801672	10719297250
20250522	ONEYTYOF43857400	10719750496
20250522	CMSHPH250519128	10719795005
20250523	CMSHPH250519058	10719669521
20250523	CMSHPH250519063	10719744314
20250523	ONEYTYOF66115300	10719788694
20250524	132500032674300	10718419181
20250524	TPES25050225	10718400616
20250527	KFLAOE-25045	10720701833
20250527	HHAG00024124	10720483234
20250527	AOF162500	10721001433
20250528	TSHPH250507	10721008072
20250528	TSHPH250514	10721018196
20250528	H250500005	10721026865
20250526	132500032731657	10718833614
20250510	132500032732327	10718845061
20250524	132500032941191	10720353126
20250523	132500032954778	10720442833
20250513	132500032554839	10717537575
20250526	132500032994273	10720730006
20250515	112500032623373	10718417140
20250512	132500032556403	10717546583
20250529	CMSHPH250519112	10720698042
20250529	CMSHPH250519142	10721039550
20250522	132500032911735	10720142415
20250522	132500032912271	10720145252
20250529	HHSH00312546	10721644254
20250529	CMSHPH250519158	10722186113
20250530	NNR10366078	10721957972
20250530	NNR51547621	10721961564
20250530	ONEYTYOF66479900	10722376244
20250530	ONEYTYOF66137700	10722346796
20250531	ANBVH895115832	10722269015
20250402	OTE00042466	10706006405
20250402	TPES25030386	10706030964
20250402	TPES25030383	10706041431
20250401	1ZW230590472080958	10706066922
20250402	132500031064572	10706612955
20250403	HKGHPH328404	10706571644
20250403	132500031080169	10706737953
20250403	594040795524	10706215731
20250404	TSAE25040011	10706806354
20250404	PAE1274989	10706911273
20250404	OTA0106435	10707141164
20250404	132500031066818	10706632533
20250404	132500031083526	10706759992
20250405	CMSHPH250318648	10707319060
20250405	TPES25030412	10707408645
20250405	TPES25030410	10707414245
20250405	CMSHPH250318577	10707466605
20250409	HHSH00280792	10707464332
20250409	CMSHPH250318618	10707341445
20250410	ONEYTYOF19121500	10708497112
20250411	132500031347215	10708789115
20250411	ADCHAN250401	10708012970
20250412	CMSHPH250318693	10708878682
20250412	CMSHPH250318696	10708906376
20250412	NNR51545684	10709201651
20250412	NNR51545691	10709210014
20250412	67531424960	10709381750
20250412	TVL312066	10709371666
20250412	CMSHPH250318716	10709012625
20250412	132500031328233	10708637565
20250412	JKTHPH-25030050	10704947821
20250415	TSHPH250317	10709720211
20250414	CMSHPH250318712	10709717330
20250416	TPES25030405	10707424922
20250416	132500031573952	10710459455
20250416	132500031574266	10710462126
20250417	132500031562830	10710374965
20250418	HHSH00286930	10710327251
20250418	HHSH00289763	10710458210
20250419	ONEYTYOF32065700	10710782553
20250419	NNR51545946	10711074840
20250419	99932870854	10711122031
20250419	CMSHPH250418767	10710622636
20250419	132500031345949	10709196714
20250404	132500030845712	10705992221
20250422	JGL53722	10711292654
20250422	61910306450	10711627593
20250422	TPEA005670	10711629251
20250422	TPES25040175	10711341223
20250422	TPES25040234	10711632051
20250422	TPES25040238	10711663691
20250421	132500031793364	10711981944
20250423	122500031833821	10712281032
20250423	ZBSX-PZ250409-9	10709767376
20250423	594040797650	10711671973
20250425	KSA504004167	10712749704
20250425	HHSH00292110	10712399671
20250425	CMSHPH250418792	10712405466
20250425	132500031928001	10712931925
20250426	132500031877498	10712586416
20250426	ONEYTYOF18705500	10713116191
20250426	132500031895112	10712708570
20250426	TSOE25040157-02	10712453512
20250426	TSOE25040157-01	10712465994
20250426	CMSHPH250318715	10711309616
20250427	TPES25040244	10712948961
20250419	132500031621689	10711063990
20250426	132500031810284	10712105881
20250426	132500031561592	10710365762
20250429	TPES25040235	10711646622
20250429	CMSHPH250418722	10713173764
20250429	CMSHPH250418878	10713733996
20250429	DAETP2512825	10713706766
20250429	NNR51546373	10713717093
20250429	TSOE25040214	10713300092
20250429	116370926203	10711811041
20250429	ONEYTYOF45835900	10713934255
20250429	ONEYTYOF45852800	10713978425
20250429	CMSHPH250418847	10713279711
20250429	CMSHPH250418830	10714157231
20250301	132500029723041	10696884333
20250301	TPES25020167	10697677503
20250303	132500029817229	10697518065
20250304	NNR51543242	10698221860
20250303	225029201	10698209492
20250303	JTSL2502015	10697851766
20250305	TSHPH250214	10698766806
20250305	132500029992274	10698812645
20250305	TPES25020163	10697696005
20250305	ONEYTYOES2166800	10698757695
20250306	61910258430	10698594341
20250306	OTE00042158	10698997666
20250306	TPEHPH25020296	10698794806
20250307	132500030029860	10699102924
20250307	PNKTWN2502032	10698103755
20250301	14111785133	10697712315
20250304	132500029822031	10697551761
20250304	132500029871790	10697882802
20250308	NNR51543457	10698986186
20250308	DAETP2506368	10699435310
20250308	CMSHPH250218253	10699443916
20250311	OFS014538	10699792122
20250312	BT25A5645	10700344116
20250304	132500029918934	10698177421
20250312	BUD00001205	10700447495
20250312	61910265990	10700452244
20250312	TWI2503046	10700464951
20250312	TSHPH250224	10700639940
20250312	132500030238345	10700645761
20250312	132500029762662	10697159013
20250313	132500030274932	10700935325
20250308	132500030030525	10699113520
20250314	TPES25030102	10700981772
20250315	TPES25030109	10700993952
20250315	HHSH00268973	10701351350
20250315	HHSH00269894	10701364786
20250318	CMSHPH250218243	10702020340
20250318	132500030450692	10702235284
20250318	IML2469	10702383743
20250318	ONEYTYOES2173600	10702225134
20250319	TPES25030150	10701973963
20250319	MEO878926	10701968993
20250319	OTE00042306	10702354774
20250319	CMSHPH250318379	10702633665
20250320	594040793903	10701998916
20250320	594040793892	10702211753
20250320	TSHPH250219	10702625803
20250320	TSHPH250225	10702650211
20250320	TSHPH250305	10702656625
20250320	CMSHPH250318443	10702759190
20250320	CMSHPH250218309	10702392036
20250321	S01914260	10703301034
20250322	CMSHPH250318438	10703257354
20250322	CMSHPH250318404	10703263982
20250322	H250300004	10703267994
20250322	HHSH00270443	10702924482
20250324	132500030648300	10703686631
20250324	132500030644717	10703657345
20250324	132500030642680	10703643474
20250325	ONEYTYOES2178400	10704148185
20250324	1ZWW12980400606964	10703795610
20250326	CMSHPH250318482	10704156165
20250326	TPES25030262	10704174295
20250326	TPES25030278	10704183712
20250326	4812795295	10704190056
20250326	132500030621459	10703608441
20250326	1ZWW12980400606982	
20250326	1Z8286160492906385	
20250326	SO2506SHP404	10704760840
20250327	SF0269160653672	10703157560
20250327	28373050435	10704792476
20250327	KHHHPH25030047	10704373401
20250327	7729 0089 9066	10704933865
20250327	14112690281	10704662512
20250328	CMSHPH250318553	10704959146
20250318	132500030326184	10701704872
20250329	HHSH00279366	10705101784
20250329	CMSHPH250318543	10705109171
20250329	ZBSX-SF250326-176	10705741212
20250331	ONEYTYOF32056700	10705868144
20250329	1ZWW12980400606919	10705515370
20250123	112500028824868	
20250205	XMN500021000	
20250205	1Z8286160490052971	
20250205	ONEYTYOEQ9720900	
20250206	VTR25000929	
20250206	JGL53475	
20250206	VTR25001199	
20250206	TSOE25010216-01	
20250206	TSOE25010216-02	
20250206	TPES25010140	
20250206	TPES25010363	
20250206	TPES25010361	
20250207	ONEF-2500005HPH	
20250207	RTWN25010241	
20250211	0225000030	
20250211	DCS00681833	
20250211	AES20250240	
20250211	28373010476	
20250211	28373010262	
20250211	28373010332	
20250212	RTWN25010240	
20250213	21702851822	
20250213	HHSH00248522	
20250213	HHSH00255006	
20250213	HPG2502008	
20250213	132500029054109	
20250214	OFS014309	10694164096
20250217	TSAE25010104	10694546252
20250218	TPES25020026	10694304446
20250218	TPES25020041	10694722184
20250218	TPES25020021	10694728764
20250218	TPES25020043	10694740034
20250218	TPES25020046	10694716960
20250219	NEC38064655	10694553145
20250220	KR17495507	10694740060
20250220	CMSHPH250218125	10695647341
20250220	132500029565423	10695796791
20250222	JWLEM25010787	10695664620
20250222	ONEYTYOEQ9714500	10695988952
20250224	CMSHPH250118091	10696278844
20250225	67531386751	10695549676
20250225	KNP25026082	10696470935
20250225	RTWN25020103	10696310086
20250226	CMSHPH250218142	10696281272
20250226	TPES25020070	10696284175
20250226	TPES25020112	10696287922
20250226	TPES25020115	10696294130
20250225	1Z8286160491514005	10696569646
20250225	132500029692593	10696661534
20250226	132500029719656	10696863160
20250226	HHSH00259604	10696846743
20250227	CMSHPH250118024	10696658992
20250227	132500029667866	10696496511
20250228	CMSHPH250218103	10697668580
20250228	132500029787015	10697322695
20250228	132500029818767	10697533126
20250102	MCH050912HAI	
20250103	OTE00041544	
20250103	VTR24023109	
20140104	AMIGL240599027A	
20140104	CMSHPH241217683	
20140104	H241200008	
20250104	SEL0471379	
20250107	285330511	
20250108	ONEF-2400205HPH	
20250108	ONEYTYOEM4969800	
20250108	ONEYTYOEN9852500	
20250109	DKS2501020-01	
20250109	DKS2501020-02	
20250109	AOF161991	
20250109	HHSH00231604	
20250109	TPES25010029	
20250109	ELCKSEL24120335	
20250109	CCFSHHPG2401355	
20250109	SEL0473131	
20250111	HHSH00235432	
20250111	NNR51541044	
20250111	NNR51540834	
20250111	TPEA005408	
20251113	XMN400139700	
20250114	TRE8975120	
20250115	UKBHPH24126943	
20250116	ONEYTYOEN9857300	
20250116	SF1543408927028	
20250116	TPES25010108	
20250116	TPES25010109	
20250116	CMSHPH241217856	
20250117	CMSSGN241217834	
20250117	132500028478597	
20250118	SF3140309890572	
20250118	NBGHPH4645276V	
20250116	JTSL2501007	
20250121	NNR51541542	
20250120	DKS2501052	
20250121	HHSH00242093	
20250121	MJLUKB24120219	
20250121	132500028346930	
20250122	HHSC00948205	
20250122	132500028785797	
20250124	SEL0475344	
20250124	XMN400150600	