EF22S0015|4|null|0|0|1|
EF22S0030|4|null|0|0|120|
EF22S0034|4|null|0|0|3|
EF22S0039|4|null|0|0|4|
EF22S0043|4|null|0|0|10|
EF22S0044|4|null|0|0|12|
EF22S0049|4|null|0|0|2948340|
EF22S0062|4|null|0|0|100|
EF22S0064|4|null|0|0|6|
EF22S0111|4|0|1|1|650|
EF22S0117|4|0|1|1|100|
EF22S0162|4|null|0|0|3|
EF22S0163|4|0|1|1|15|
EF22S0182|4|null|0|0|0|
EF22S0183|4|null|0|0|0|
EF22S0184|4|null|0|0|0|
EF22S0185|4|null|0|0|0|
EF22S0186|4|null|0|0|1|
EF22S0192|4|0|1|1|10|
EF22S0194|4|0|1|1|6|
EF22S0200|4|0|1|1|300|
EF22S0203|4|0|1|1|3000|
EF22S0207|4|0|1|1|2660|
EF22S0234|4|0|1|1|2|
EF22S0239|4|0|1|2|10|
EF22S0242|4|0|1|1|58|
EF22S0243|4|0|1|1|6|
EF22S0244|4|0|1|1|4|
EF22S0245|4|0|1|1|47|
EF22S0247|4|0|1|1|18|
EF22S0248|4|0|1|1|111|
EF22S0263|4|0|1|0|8|
EF22S0265|4|0|1|1|4|
EF22S0267|4|0|1|1|15|
EF23S0001|4|1|1|2|209|
